0000100001000000100000000000000000001000000000000000000000000010000000000000000000000000000000000000000000000000000000001000000000000000000100000000000000000000000100010000000000000000000000100000000000000000000000001000000010000000000000000100100000000000
0000011001000111110000000000000000001000001000000000000000010010010000000000000000100000000001000000000000001111111111111100000000000000000010000000000000000001111110010000000000000000000000100000001000000000000001001000000010000000000000000100100000000000
0000001001000100100000000000011111111111111100000000000000010010001000000000000000011001111111100000000000001000100010001000000000000000000000000010000000000000000100011111100000000000000100101111111100000000000001001010000010000000000000000100100000100000
0000000001000100100000000000000000001000000000000000000000100010000110000000000000001001000001000000000000001000100010001000000000000111111111111111000000000000100100100000100000000000000100100000001000000000000001111111010010000000000000001000111111110000
0001001111111100100000000000000000001000001000000000000000100010010010000000000001000001000001000000000000001000100010001000000000000000000010000000000000000000100101010001000000000000000100100000001000000000000001001000010010000000000000001001010000000000
0000110001000111100000000000001111111111111100000000000001000001100000000000000000100101000001000000000000001111111111111000000000000000000010000100000000000000100100001010000000000000000100100000001000000000000010001001010010000000000000011001010000000000
0000010001010100100000000000001001000001001000000000000000000110000000000000000000100101000001000000000000001000010000001000000000000001111111111110000000000000100100000100000000000000000100100000001000000000000111111111110010000000000000101010010010000000
0000000111111100100000000000001000100010001000000000000000011000000100000000000000001001000001000000000000000000010000000000000000000001000010000100000000000000100100001010000000000000000100101111111000000000000000001000010010000000000001001100011111000000
0000001100010100100000000000001011111111101000000000000001111111111110000000000000001001111111000000000000000000111111100000000000000001000010000100000000000000111110110001110000000000000100100000001000000000000001111111010010000000000000001000010000000000
0000010100010111100000000000001000001000001000000000000110010000000100000000000000010001000001000000000000000001000000100000000000000001000010000100000000000000000011111111100000000000000100100000001000000000000001001001010010000000000000001000010000000000
0001100100010100100000000000001000001000001000000000000000011111111100000000000001110001000001000000000000000010100001000000000000000001000010000100000000000000000010100000100000000000000100100000001000000000000001001001010010000000000000001000010001000000
0000100100010100100000000000001011111111101000000000000000010000000100000000000000010001000001000000000000001100010110000000000000000001000010000100000000000000001110100000100000000000000000100000001000000000000001001001000010000000000000001000011111100000
0000100100010100100000000000001000001000001000000000000000011111111100000000000000010001000001000000000000000000001000000000000000000001000010010100000000000001110010100000100000000000000001000000001000000000000001001101000010000000000000001000010000000000
0000100111110100100000000000001000001000001000000000000000010000000100000000000000010001000001000000000000000000110000000000000000000001000010001000000000000000100010100000100000000000000010011111111000000000000001001010000010000000000000001000010000000000
0000100100001010100000000000001000001000101000000000000000011111111100000000000000010001111111000000000000000011000000000000000000000000000010000000000000000000001010111111100000000000001100000000001000000000000000001000001010000000000000001000010000000000
0000100000010001000000000000001000000000010000000000000000010000000100000000000000010001000001000000000000011100000000000000000000000000000010000000000000000000000100100000100000000000000000000000000000000000000000001000000100000000000000001000010000000000
