0010000001000010
0010010001000010
0010011001000100
0010010101001000
1111010001010000
0010011001100000
0010010111111111
0010010001100000
1111010001010000
0010100101001000
0010101001001000
0010100001000100
0110000011000110
0010000001000100
0000000000000000
0000000000001000
0000000000001000
0001111111101000
1001001001001000
0101001001001000
0011001001001000
0001001001001000
0001111111111111
0001001001001000
0011001001001000
0101001001001000
1001001001001000
0011111111001000
0001000000011000
0000000000001000
0000000000000000
0000000100000000
0000001000000000
0000010000000000
0001111111111111
1110000100000000
0000001000000000
0000110000000000
1111000000000000
0001111111111111
0001000100010000
0001000100010000
0001001100010000
0001000100110000
0011000000010000
0001000000000000
0000000000000000
0000000000000000
0111111111111111
0100000000100010
0100010000100010
0100100001000010
0111100010010010
0101010110010010
0101001001001010
0101010100100110
0101100010000010
0101000001000010
0100000001100010
0100000001000010
1111111111111111
0100000000000000
0000000000000000
0000000000000010
0000000000001100
0111111111110001
0101001000000001
0101010111111010
0101100101010010
0111111101010100
0101010101011000
1101001111110000
0101010101011110
0111111101010001
0101100101010101
0101010111110001
1101011000000001
0100010000000111
0000000000000000
0000100000100000
0000100011000000
0000101100000000
1111111111111111
0000100100000010
0000100010000100
0000000000011000
0011111111100010
0010010000000100
0010010111001000
0010010000110000
0100010001101000
1100010110000100
0100011000000110
0000000000000100
0000000000000000
0000000000100000
0000000000100000
0000000000100000
0000000000100001
0111111111100010
0100010000100100
0100010000101100
0100010000100000
0100010000100000
0100010000100000
1000011111100000
1000010000100000
0000110000100000
0000010001100000
0000000000100000
0000000000000000
0000000000100000
0000000000100000
0000000000100000
0000000000100000
0111111111100000
0100010000100000
0100010000100000
0100010000100000
0100010000100000
0100010000101000
1000011111100100
1000110000100110
0000010000100011
0000000001100000
0000000000100000
0000000000000000
0000001000000000
0100001000000010
0010001000000100
0011001111111000
0000000000000100
0000000000000010
1111111111111001
1001001000010001
1001001010100001
1001001010000001
1001001001000001
1001001010100001
1111111100010001
0000001000011011
0000000000000010
0000000000000000
0000000000000000
0000000001111111
0011111100000010
0000001000000010
0000001000000010
0000001000000010
0000001000000010
1111111111111110
0000001000000010
0000001000000010
0000001000000010
0000001000000010
0011111100000010
0000000001111111
0000000000000000
0000000000000000
0000000000000000
